174.35 -2.33333333333333 185.75 -2
186.8 -2.33333333333333 193.6 -2
194.75 -2.33333333333333 198.75 -2
201.25 -2.33333333333333 204.6 -2
174.35 -2 204.6 -1.66666666666667
174.3 -1.66666666666667 192.05 -1.33333333333333
197.85 -1.66666666666667 207.1 -1.33333333333333
210.1 -1.66666666666667 212.4 -1.33333333333333
213.9 -1.66666666666667 215.15 -1.33333333333333
218 -1.66666666666667 219.1 -1.33333333333333
222.25 -1.66666666666667 227.65 -1.33333333333333
228.85 -1.66666666666667 231.55 -1.33333333333333
174.3 -1.33333333333333 191.75 -0.666666666666671
197.85 -1.33333333333333 232.1 -1
197.8 -1 232.1 -0.666666666666671
0.1 -0.666666666666671 5.2 -0.333333333333329
6.25 -0.666666666666671 25.75 -0.333333333333329
27.2 -0.666666666666671 39.65 -0.333333333333329
41.9 -0.666666666666671 51.25 -0.333333333333329
174.35 -0.666666666666671 191.75 -0.333333333333329
197.85 -0.666666666666671 232.15 -0.333333333333329
333 -0.666666666666671 334.05 -0.333333333333329
350 -0.666666666666671 351.1 -0.333333333333329
0 -0.333333333333329 52.6 0
174.3 -0.333333333333329 191.75 0
197.8 -0.333333333333329 232.1 0
312.7 -0.333333333333329 356.3 0.333333333333329
0.05 0 52.6 0.333333333333329
138.55 0 151.25 0.333333333333329
155.45 0 191.75 0.333333333333329
197.85 0 232.35 0.333333333333329
0.95 0.333333333333329 4.25 0.666666666666671
5.65 0.333333333333329 40.6 0.666666666666671
41.6 0.333333333333329 52.45 0.666666666666671
138.55 0.333333333333329 151.3 0.666666666666671
155.4 0.333333333333329 191.75 0.666666666666671
197.85 0.333333333333329 232.4 0.666666666666671
312.95 0.333333333333329 356.25 0.666666666666671
133.25 0.666666666666671 151.3 1
155.45 0.666666666666671 191.75 1
197.85 0.666666666666671 232.3 1
133 1 151.25 1.33333333333333
155.4 1 191.75 1.33333333333333
197.8 1 226.8 1.33333333333333
132.95 1.33333333333333 191.75 1.66666666666667
197.85 1.33333333333333 226.35 1.66666666666667
132.85 1.66666666666667 192.85 2
196.65 1.66666666666667 226.55 2
132.9 2 226.5 2.33333333333333
132.85 2.33333333333333 226.6 2.66666666666667
132.95 2.66666666666667 226.6 3
132.85 3 239.2 3.33333333333333
132.85 3.33333333333333 184 3.66666666666667
185.8 3.33333333333333 239.05 3.66666666666667
132.95 3.66666666666667 183.4 4
190.1 3.66666666666667 239.25 4
132.85 4 183.4 4.33333333333333
190.05 4 239.1 4.33333333333333
129.85 4.33333333333333 183.35 4.66666666666667
190.1 4.33333333333333 239.2 4.66666666666667
129.8 4.66666666666667 183.35 5
190.25 4.66666666666667 239.05 5
129.85 5 183.35 5.33333333333333
190.05 5 242 5.33333333333333
129.9 5.33333333333333 165.6 5.66666666666667
171.4 5.33333333333333 182.85 5.66666666666667
190.1 5.33333333333333 242 5.66666666666667
129.8 5.66666666666667 165.6 6
192.5 5.66666666666667 241.85 6
129.75 6 165.55 6.33333333333333
193.45 6 241.65 6.33333333333333
130 6.33333333333333 165.55 6.66666666666667
193.45 6.33333333333333 241.85 6.66666666666667
129.85 6.66666666666667 165.55 7
193.45 6.66666666666667 242 7
129.8 7 165.55 7.33333333333333
193.45 7 242.1 7.33333333333333
122.9 7.33333333333333 165.6 7.66666666666667
193.4 7.33333333333333 244.35 7.66666666666667
122.85 7.66666666666667 165.6 8
193.45 7.66666666666667 244.45 8
122.95 8 165.5 8.33333333333333
193.45 8 244.3 8.33333333333333
122.9 8.33333333333333 165.55 8.66666666666667
193.5 8.33333333333333 244.45 8.66666666666667
122.95 8.66666666666667 165.6 9
193.45 8.66666666666667 244.45 9
122.9 9 166.4 9.33333333333333
193.4 9 244.45 9.33333333333333
123.1 9.33333333333333 244.05 9.66666666666667
122.9 9.66666666666667 244.15 10
123 10 244.15 10.3333333333333
123 10.3333333333333 244.2 10.6666666666667
122.9 10.6666666666667 244.2 11.3333333333333
122.9 11.3333333333333 244.15 11.6666666666667
122.9 11.6666666666667 244.2 12
122.9 12 244 12.3333333333333
120.8 12.3333333333333 246.1 12.6666666666667
120.9 12.6666666666667 246.4 13
120.8 13 246.5 13.3333333333333
120.8 13.3333333333333 246.55 13.6666666666667
120.75 13.6666666666667 246.6 14
120.75 14 246.55 15
120.75 15 246.5 15.3333333333333
120.8 15.3333333333333 246.1 15.6666666666667
120.75 15.6666666666667 244.95 16
120.75 16 245 16.3333333333333
120.75 16.3333333333333 243 16.6666666666667
120.75 16.6666666666667 243.05 17
119.1 17 243.05 17.3333333333333
119.15 17.3333333333333 240.95 17.6666666666667
119.1 17.6666666666667 240.3 19
119.1 19 240.2 19.3333333333333
119.1 19.3333333333333 240.3 20
119.15 20 240.3 20.3333333333333
119.1 20.3333333333333 240.3 20.6666666666667
119.3 20.6666666666667 244.8 21
119.1 21 246.3 21.3333333333333
248.05 21 254.7 21.3333333333333
119.15 21.3333333333333 246.15 21.6666666666667
247.95 21.3333333333333 254.8 21.6666666666667
118.5 21.6666666666667 245.35 22
247.95 21.6666666666667 254.85 22
118.5 22 137.85 22.3333333333333
139.05 22 243.85 22.3333333333333
247.05 22 254.8 22.3333333333333
118.45 22.3333333333333 135.75 22.6666666666667
142.25 22.3333333333333 243.85 22.6666666666667
246.25 22.3333333333333 254.8 22.6666666666667
118.4 22.6666666666667 135.7 23
142.2 22.6666666666667 243.85 23
246.25 22.6666666666667 254.85 23
118.45 23 135.75 23.3333333333333
142.35 23 242.25 23.3333333333333
244.7 23 254.8 23.3333333333333
118.4 23.3333333333333 135.75 23.6666666666667
142.3 23.3333333333333 242.5 23.6666666666667
244.55 23.3333333333333 254.7 23.6666666666667
118.55 23.6666666666667 135.75 24
142.15 23.6666666666667 241.4 24
244.5 23.6666666666667 254.6 24
118.45 24 135.8 24.3333333333333
146.65 24 241.4 24.3333333333333
243.45 24 254.55 24.3333333333333
118.65 24.3333333333333 135.5 24.6666666666667
146.6 24.3333333333333 240.15 24.6666666666667
243.5 24.3333333333333 254.7 24.6666666666667
118.4 24.6666666666667 136.65 25
146.6 24.6666666666667 240.2 25
242.5 24.6666666666667 254.8 25
118.4 25 136.85 25.3333333333333
146.6 25 238.9 25.3333333333333
241.55 25 254 25.3333333333333
118.7 25.3333333333333 138.7 25.6666666666667
146.45 25.3333333333333 238.95 25.6666666666667
241.5 25.3333333333333 253.35 25.6666666666667
120.05 25.6666666666667 138.65 26
146.65 25.6666666666667 237.75 26
241.55 25.6666666666667 253.3 26
120.15 26 138.65 26.3333333333333
146.6 26 237.7 26.3333333333333
240.6 26 253.3 26.3333333333333
120 26.3333333333333 138.7 26.6666666666667
146.6 26.3333333333333 236.6 26.6666666666667
239.7 26.3333333333333 252.85 26.6666666666667
117.65 26.6666666666667 235.55 27
239.15 26.6666666666667 252.2 27
117.75 27 235.35 27.3333333333333
237.4 27 252.2 27.3333333333333
117.65 27.3333333333333 234.1 27.6666666666667
237.35 27.3333333333333 252.2 27.6666666666667
117.7 27.6666666666667 233.9 28
236.1 27.6666666666667 250.6 28
117.7 28 233.05 28.3333333333333
236.2 28 250.55 28.3333333333333
117.75 28.3333333333333 233.05 28.6666666666667
236.3 28.3333333333333 250.5 28.6666666666667
117.7 28.6666666666667 231.8 29
235.4 28.6666666666667 250.55 29
117.75 29 231.8 29.3333333333333
234.4 29 250.2 29.3333333333333
117.7 29.3333333333333 230.2 29.6666666666667
234.2 29.3333333333333 250.05 29.6666666666667
117.65 29.6666666666667 230.1 30
234.1 29.6666666666667 250.2 30
117.8 30 230.2 30.3333333333333
232.9 30 250.1 30.3333333333333
117.75 30.3333333333333 250.2 30.6666666666667
117.7 30.6666666666667 250.15 31
117.75 31 251.9 31.3333333333333
117.7 31.3333333333333 252.05 32
117.65 32 253.9 32.3333333333333
117.7 32.3333333333333 253.85 32.6666666666667
117.7 32.6666666666667 253.9 33
117.7 33 254.2 33.3333333333333
117.3 33.3333333333333 255.35 33.6666666666667
118.15 33.6666666666667 255.35 34
118.25 34 255.35 34.3333333333333
118.15 34.3333333333333 255.35 34.6666666666667
118.5 34.6666666666667 255.35 35
118.15 35 253 35.3333333333333
118.15 35.3333333333333 251.1 35.6666666666667
118.85 35.6666666666667 250.95 36
118.9 36 251.1 36.3333333333333
118.85 36.3333333333333 251.05 36.6666666666667
118.9 36.6666666666667 251.05 37
118.95 37 251.1 37.3333333333333
118.85 37.3333333333333 251.15 37.6666666666667
118.85 37.6666666666667 251.1 38
117.75 38 250.85 38.3333333333333
117.7 38.3333333333333 228 38.6666666666667
229.3 38.3333333333333 252.35 38.6666666666667
117.65 38.6666666666667 226.85 39
233.3 38.6666666666667 252.4 39
117.7 39 226.85 39.3333333333333
234 39 252.4 39.3333333333333
114.4 39.3333333333333 226.9 39.6666666666667
234 39.3333333333333 252.45 39.6666666666667
114.35 39.6666666666667 226.75 40
234.1 39.6666666666667 252.45 40
114.45 40 226.7 40.3333333333333
234 40 252.4 40.3333333333333
114.6 40.3333333333333 226.85 40.6666666666667
234.3 40.3333333333333 252.4 40.6666666666667
114.45 40.6666666666667 226.85 41
234.05 40.6666666666667 252.45 41
114.7 41 226.85 41.3333333333333
234.05 41 252.25 41.3333333333333
114.7 41.3333333333333 226.9 41.6666666666667
234.1 41.3333333333333 250.75 41.6666666666667
114.35 41.6666666666667 226.85 42
234.15 41.6666666666667 250.75 42
114.35 42 250.75 42.3333333333333
114.55 42.3333333333333 250.75 42.6666666666667
114.45 42.6666666666667 250.75 43
114.5 43 250.7 43.3333333333333
114.6 43.3333333333333 249.3 43.6666666666667
114.35 43.6666666666667 249.2 44
116 44 249.3 44.3333333333333
115.85 44.3333333333333 249.3 44.6666666666667
115.85 44.6666666666667 248.85 45
115.9 45 248.45 45.3333333333333
115.85 45.3333333333333 247.2 45.6666666666667
115.85 45.6666666666667 247.1 46
115.8 46 247.15 46.3333333333333
117.75 46.3333333333333 143.65 46.6666666666667
144.75 46.3333333333333 247.25 46.6666666666667
117.95 46.6666666666667 247.2 47
117.75 47 247.25 47.3333333333333
117.8 47.3333333333333 130.5 47.6666666666667
131.6 47.3333333333333 133.65 47.6666666666667
135.05 47.3333333333333 246.55 47.6666666666667
118 47.6666666666667 128.95 48
135.6 47.6666666666667 245.15 48
117.85 48 127.7 48.3333333333333
137.75 48 245 48.3333333333333
119.4 48.3333333333333 127.7 48.6666666666667
137.8 48.3333333333333 245.2 48.6666666666667
119.65 48.6666666666667 127.7 49
137.75 48.6666666666667 245.05 49
119.65 49 127.75 49.6666666666667
137.75 49 245.15 49.3333333333333
137.8 49.3333333333333 245 49.6666666666667
119.75 49.6666666666667 127.65 50
137.8 49.6666666666667 243 50
119.65 50 127.75 50.3333333333333
137.75 50 243.15 50.3333333333333
119.65 50.3333333333333 128.9 50.6666666666667
135.55 50.3333333333333 243.05 50.6666666666667
119.8 50.6666666666667 128.95 51
135.55 50.6666666666667 239 51
119.9 51 128.95 51.3333333333333
135.6 51 157.9 51.3333333333333
158.95 51 239 51.3333333333333
121.85 51.3333333333333 239 51.6666666666667
121.65 51.6666666666667 238.6 52
121.7 52 238.8 52.3333333333333
121.65 52.3333333333333 239 52.6666666666667
121.6 52.6666666666667 239 53
123.35 53 239 53.3333333333333
123.7 53.3333333333333 239 54
123.7 54 230.6 54.3333333333333
233.45 54 239 54.3333333333333
123.8 54.3333333333333 228.2 54.6666666666667
233.7 54.3333333333333 236.35 54.6666666666667
123.75 54.6666666666667 228 55
233.6 54.6666666666667 236.45 55
123.65 55 228.25 55.3333333333333
233.65 55 236.5 55.3333333333333
125.95 55.3333333333333 228.15 55.6666666666667
233.8 55.3333333333333 236.45 55.6666666666667
126.45 55.6666666666667 228.25 56
233.65 55.6666666666667 236.5 56
260.9 55.6666666666667 262.65 56
125.9 56 228.2 56.3333333333333
260.8 56 262.85 56.3333333333333
125.9 56.3333333333333 146.45 56.6666666666667
158.7 56.3333333333333 228.25 56.6666666666667
259.8 56.3333333333333 262.8 56.6666666666667
126.15 56.6666666666667 146.4 57
158.6 56.6666666666667 228.1 57
259.65 56.6666666666667 262.9 57
126.05 57 146.4 57.3333333333333
158.6 57 228.25 57.3333333333333
259.65 57 262.3 57.3333333333333
127.9 57.3333333333333 146.35 57.6666666666667
158.6 57.3333333333333 231.3 57.6666666666667
259.6 57.3333333333333 262.3 57.6666666666667
128.4 57.6666666666667 146.3 58
158.65 57.6666666666667 231.35 58
259.65 57.6666666666667 262.3 58
128.4 58 130.25 58.3333333333333
131.4 58 146.45 58.3333333333333
158.6 58 231.4 58.3333333333333
258.75 58 262.2 58.3333333333333
128.4 58.3333333333333 146.35 58.6666666666667
158.7 58.3333333333333 231.3 58.6666666666667
258.5 58.3333333333333 262.25 59
128.6 58.6666666666667 146.4 59
158.6 58.6666666666667 227.6 59
228.6 58.6666666666667 229.75 59
128.4 59 146.4 59.3333333333333
158.65 59 227.25 59.3333333333333
258.5 59 261.65 59.3333333333333
130.55 59.3333333333333 146.4 59.6666666666667
158.55 59.3333333333333 227.15 59.6666666666667
258.45 59.3333333333333 261.55 59.6666666666667
130.5 59.6666666666667 146.05 60
158.6 59.6666666666667 225.9 60
258.55 59.6666666666667 261.75 60
130.5 60 146.45 60.3333333333333
158.7 60 226.75 60.3333333333333
130.65 60.3333333333333 153.6 60.6666666666667
154.7 60.3333333333333 221.7 60.6666666666667
130.5 60.6666666666667 166.5 61
167.55 60.6666666666667 221.4 61
133.2 61 158.9 61.3333333333333
168.1 61 221.7 61.3333333333333
133.35 61.3333333333333 158.75 61.6666666666667
168.05 61.3333333333333 215.45 61.6666666666667
133.6 61.6666666666667 156.9 62
170.1 61.6666666666667 216.05 62
133.5 62 156.95 62.3333333333333
169.9 62 215.95 62.3333333333333
133.35 62.3333333333333 156.9 62.6666666666667
169.85 62.3333333333333 216.05 63
133.35 62.6666666666667 144.15 63
145.45 62.6666666666667 156.9 63
136.75 63 150.05 63.3333333333333
151.95 63 156.9 63.3333333333333
170.05 63 201.45 63.3333333333333
202.55 63 216 63.3333333333333
136.45 63.3333333333333 144.9 63.6666666666667
154.55 63.3333333333333 156.9 63.6666666666667
169.9 63.3333333333333 209.25 63.6666666666667
136.95 63.6666666666667 144.8 64
154.5 63.6666666666667 156.9 64
169.85 63.6666666666667 209.3 64
136.65 64 144.5 64.3333333333333
170.25 64 209.3 64.3333333333333
136.45 64.3333333333333 137.95 64.6666666666667
139 64.3333333333333 141.2 64.6666666666667
142.25 64.3333333333333 144.95 64.6666666666667
170.1 64.3333333333333 203.1 64.6666666666667
204.1 64.3333333333333 205.55 64.6666666666667
206.65 64.3333333333333 208.7 64.6666666666667
140.15 64.6666666666667 144.95 65
170.05 64.6666666666667 201.1 65
141.5 65 144.85 65.3333333333333
170.3 65 197.1 65.3333333333333
199.65 65 201 65.3333333333333
141.2 65.3333333333333 144.85 65.6666666666667
170.05 65.3333333333333 184.3 65.6666666666667
186.3 65.3333333333333 190.05 65.6666666666667
170.15 65.6666666666667 172.7 66
175.75 65.6666666666667 183.6 66
141.2 66 142.3 66.3333333333333
